1 500 529.4
1 600 869.4
1 700 1480.4
1 800 2336.9
1 900 3724
1 1000 6395.3
1 1100 7577.7
1 1200 10290
1 1300 13711.1
1 1400 18349.6
1 1500 26005.4
2 500 282.8
2 600 449.9
2 700 743.9
2 800 1133
2 900 1711.3
2 1000 3319.5
2 1100 3785.8
2 1200 5118.8
2 1300 6935.7
2 1400 9245.4
2 1500 13124
4 500 197
4 600 327.1
4 700 509.3
4 800 725.9
4 900 1104.6
4 1000 2029.8
4 1100 2212.9
4 1200 3113.1
4 1300 4110.6
4 1400 5399.4
4 1500 7719.7
8 500 161.3
8 600 206.7
8 700 344.1
8 800 521
8 900 865.3
8 1000 1607.1
8 1100 1847
8 1200 2524.6
8 1300 3317.9
8 1400 4268.6
8 1500 5670.4
